1.298701298701298512e+01,2.467532467532467422e+01,2.121212121212121104e+01,2.424242424242424221e+01,1.948051948051948301e+01,2.424242424242424221e+01
2.467532467532467422e+01,2.034632034632034703e+01,2.770562770562770538e+01,2.857142857142856940e+01,2.510822510822510623e+01,2.813852813852814094e+01
2.121212121212121104e+01,2.770562770562770538e+01,1.601731601731601629e+01,2.510822510822510623e+01,2.077922077922077904e+01,2.770562770562770538e+01
2.424242424242424221e+01,2.857142857142856940e+01,2.510822510822510623e+01,1.948051948051948301e+01,2.424242424242424221e+01,2.857142857142856940e+01
1.948051948051948301e+01,2.510822510822510623e+01,2.077922077922077904e+01,2.424242424242424221e+01,1.168831168831168732e+01,2.727272727272726982e+01
2.424242424242424221e+01,2.813852813852814094e+01,2.770562770562770538e+01,2.857142857142856940e+01,2.727272727272726982e+01,2.164502164502164305e+01
