7.272727272727272485e+00,9.090909090909091717e+00,1.636363636363636331e+01,2.000000000000000000e+01,1.454545454545454497e+01,1.454545454545454497e+01
9.090909090909091717e+00,5.454545454545454142e+00,1.636363636363636331e+01,1.818181818181818343e+01,1.454545454545454497e+01,1.454545454545454497e+01
1.636363636363636331e+01,1.636363636363636331e+01,1.454545454545454497e+01,2.727272727272726982e+01,1.818181818181818343e+01,1.818181818181818343e+01
2.000000000000000000e+01,1.818181818181818343e+01,2.727272727272726982e+01,1.272727272727272663e+01,2.363636363636363669e+01,2.363636363636363669e+01
1.454545454545454497e+01,1.454545454545454497e+01,1.818181818181818343e+01,2.363636363636363669e+01,1.090909090909090828e+01,1.090909090909090828e+01
1.454545454545454497e+01,1.454545454545454497e+01,1.818181818181818343e+01,2.363636363636363669e+01,1.090909090909090828e+01,1.090909090909090828e+01
