0.000000000000000000e+00,1.601731601731601629e+01,1.341991341991342068e+01,1.601731601731601629e+01,1.428571428571428470e+01,1.385281385281385269e+01
1.601731601731601629e+01,0.000000000000000000e+00,1.904761904761904745e+01,1.731601731601731586e+01,1.818181818181818343e+01,1.428571428571428470e+01
1.341991341991342068e+01,1.904761904761904745e+01,0.000000000000000000e+00,1.471861471861472026e+01,1.385281385281385269e+01,1.774891774891775142e+01
1.601731601731601629e+01,1.731601731601731586e+01,1.471861471861472026e+01,0.000000000000000000e+00,1.731601731601731586e+01,1.601731601731601629e+01
1.428571428571428470e+01,1.818181818181818343e+01,1.385281385281385269e+01,1.731601731601731586e+01,0.000000000000000000e+00,2.121212121212121104e+01
1.385281385281385269e+01,1.428571428571428470e+01,1.774891774891775142e+01,1.601731601731601629e+01,2.121212121212121104e+01,0.000000000000000000e+00
